 System Fe-V-Ti-O
    4    2    0   2   0
 Fe                       V                        Ti
 O
    55.84500000              50.94150000              47.86700000
    15.99940000
   6   1   2   3   4   5   6
   6   1   2   3   4   5   6
 Brok1soln
 QKTO
 Fe2TiO5
   1  2    2.0    0.0    1.0    5.0
  2000.0000     -1813164.7      1143.5787     -192.58952     -.11003920E-01
 0.00000000      1550172.0
  2000.0000     -1854080.0      1471.0836     -235.83011     0.00000000
 0.00000000     0.00000000
  1.00000      1
 V2O5
   4  3    0.0    2.0    0.0    5.0
  943.00000     -1399506.3     -366.83510     -25.972499     -.24409615E-01
 0.00000000     -377081.33
 2 -76767.609      99.00  23415.211       0.50
  1500.0000     -1602354.8      924.57294     -154.61390     -.14560662E-01
 0.00000000     0.00000000
 1 0.00000000       0.00
  2000.0000     -1635116.3      1244.0289     -198.29589     0.00000000
 0.00000000     0.00000000
 1 0.00000000       0.00
  1.00000      1
   2
   1   2   0   0 0.00000000     0.00000000     0.00000000     0.00000000
 0.00000000     0.00000000
   2
   1   2   0   1  72366.523     -62.308221     0.00000000     0.00000000
 0.00000000     0.00000000
   0
